2.000000000000000042e-02 -1.000000000000000000e+02
1.000000000000000021e-03 1.065380456697418765e+00
2.000000000000000042e-03 1.454868162664612896e+01
3.000000000000000062e-03 1.454868162664612896e+01
4.000000000000000083e-03 2.213129877313691907e+01
5.000000000000000104e-03 2.213129877313691907e+01
6.000000000000000125e-03 2.213129877313691907e+01
7.000000000000000146e-03 2.604701032923115633e+01
8.000000000000000167e-03 2.604701032923115633e+01
9.000000000000001055e-03 2.604701032923115633e+01
1.000000000000000048e-04 8.766740791615816875e-01
2.000000000000000096e-04 7.170457138977184286e-01
3.000000000000000279e-04 4.770804659004355130e-01
4.000000000000000192e-04 4.770804659004355130e-01
5.000000000000000104e-04 2.810758728480635682e-01
6.000000000000000559e-04 2.810758728480635682e-01
6.999999999999999929e-04 2.810758728480635682e-01
8.000000000000000383e-04 2.810758728480635682e-01
9.000000000000000838e-04 1.065380456697418765e+00
1.000000000000000082e-05 2.637856869319463726e-01
2.000000000000000164e-05 2.393651210214429170e-01
3.000000000000000415e-05 1.920255622114339644e-01
4.000000000000000327e-05 1.920255622114339644e-01
5.000000000000000240e-05 1.920255622114339644e-01
6.000000000000000830e-05 8.766740791615816875e-01
7.000000000000000742e-05 8.766740791615816875e-01
8.000000000000000654e-05 8.766740791615816875e-01
9.000000000000000567e-05 8.766740791615816875e-01
9.999999999999999547e-07 1.105861780939534356e-01
1.999999999999999909e-06 1.325429913648079605e-01
3.000000000000000076e-06 1.325429913648079605e-01
3.999999999999999819e-06 1.764840517485808391e-01
4.999999999999999562e-06 1.764840517485808391e-01
6.000000000000000152e-06 1.764840517485808391e-01
6.999999999999999895e-06 2.637856869319463726e-01
7.999999999999999638e-06 2.637856869319463726e-01
9.000000000000000228e-06 2.637856869319463726e-01
9.999999999999999547e-08 1.308106234222989883e-01
1.999999999999999909e-07 1.101236144765280756e-01
2.999999999999999864e-07 1.254968907606652806e-01
3.999999999999999819e-07 1.254968907606652806e-01
4.999999999999999774e-07 1.246881288219938710e-01
5.999999999999999728e-07 1.246881288219938710e-01
6.999999999999999683e-07 1.246881288219938710e-01
7.999999999999999638e-07 1.246881288219938710e-01
8.999999999999999593e-07 1.105861780939534356e-01
1.000000000000000021e-08 1.244570466818331056e-01
2.000000000000000042e-08 1.222616045070950008e-01
3.000000000000000394e-08 1.167139195152344655e-01
4.000000000000000084e-08 1.167139195152344655e-01
4.999999999999999774e-08 1.167139195152344655e-01
6.000000000000000787e-08 1.308106234222989883e-01
7.000000000000000477e-08 1.308106234222989883e-01
8.000000000000000167e-08 1.308106234222989883e-01
8.999999999999999857e-08 1.308106234222989883e-01
1.000000000000000062e-09 1.171762980167798673e-01
2.000000000000000125e-09 1.305796272472292685e-01
3.000000000000000394e-09 1.305796272472292685e-01
4.000000000000000249e-09 1.109330922798008601e-01
5.000000000000000105e-09 1.109330922798008601e-01
6.000000000000000787e-09 1.109330922798008601e-01
7.000000000000000643e-09 1.244570466818331056e-01
8.000000000000000498e-09 1.244570466818331056e-01
9.000000000000001181e-09 1.244570466818331056e-01
